% Plots NLE profile
ad_comp = [0:25];

NLE_sp = [40,442
27,027
18,126
11,345
11,347
11,345
11,346
11,345
11,344
11,344
11,344
11,345
11,346
11,447
11,475
11,376
11,338
0,686
1,358
0,598
1,273
0,510
1,069
0,306
11,829
0,103
];

NLE_d = [15,811
18,820
19,676
25,128
25,128
25,131
25,132
25,135
25,138
25,142
25,146
25,149
25,157
25,163
25,273
25,525
25,795
36,775
37,346
39,064
39,637
41,367
42,681
44,410
35,061
47,837
];

NLE = NLE_sp + NLE_d;



