% Plots NLE profile
ad_comp = [0:25];

NLE_sp = [40.442
27.027
31.542
24.760
14.109
14.109
14.109
14.111
14.111
14.110
14.113
14.113
14.114
14.142
14.243
14.343
14.328
14.312
14.735
14.737
14.739
15.110
14.642
15.013
17.203
19.399
];

NLE_d = [9.787
11.502
10.003
14.466
23.698
23.699
23.702
23.702
23.705
23.708
23.708
23.715
23.722
23.796
23.797
23.821
23.994
24.264
24.392
25.013
25.738
26.336
27.998
28.597
28.618
28.639
];

NLE = NLE_sp + NLE_d;



